

max_year <- 2024

min_year <- 2011
